 StarA.example                   
  5114.512   57.1        0.23     -1.624                        157.1
 -5114.529   57.1        0.23     -1.820                        157.1
 -5114.556   57.1        0.23     -1.820                        157.1
 -5114.573   57.1        0.23     -3.005                        157.1
 -5114.586   57.1        0.23     -1.824                        157.1
 -5114.608   57.1        0.23     -1.824                        157.1
 -5114.621   57.1        0.23     -2.079                        157.1
  5290.787   57.1        0.00     -3.048                        70.0
 -5290.788   57.1        0.00     -2.872                        70.0
 -5290.796   57.1        0.00     -2.872                        70.0
 -5290.797   57.1        0.00     -4.796                        70.0
 -5290.796   57.1        0.00     -2.699                        70.0
 -5290.808   57.1        0.00     -2.699                        70.0
 -5290.809   57.1        0.00     -3.370                        70.0
 -5290.810   57.1        0.00     -2.688                        70.0
 -5290.825   57.1        0.00     -2.688                        70.0
 -5290.826   57.1        0.00     -2.674                        70.0
 -5290.827   57.1        0.00     -2.846                        70.0
 -5290.846   57.1        0.00     -2.846                        70.0
 -5290.847   57.1        0.00     -2.276                        70.0
  6262.116   57.1        0.40     -3.047                        121.5
 -6262.117   57.1        0.40     -2.901                        121.5
 -6262.134   57.1        0.40     -2.705                        121.5
 -6262.136   57.1        0.40     -2.718                        121.5
 -6262.138   57.1        0.40     -3.378                        121.5
 -6262.166   57.1        0.40     -2.471                        121.5
 -6262.169   57.1        0.40     -2.596                        121.5
 -6262.171   57.1        0.40     -3.269                        121.5
 -6262.211   57.1        0.40     -2.286                        121.5
 -6262.215   57.1        0.40     -2.535                        121.5
 -6262.218   57.1        0.40     -3.290                        121.5
 -6262.269   57.1        0.40     -2.130                        121.5
 -6262.274   57.1        0.40     -2.531                        121.5
 -6262.277   57.1        0.40     -3.400                        121.5
 -6262.340   57.1        0.40     -1.994                        121.5
 -6262.346   57.1        0.40     -2.597                        121.5
 -6262.350   57.1        0.40     -3.612                        121.5
 -6262.425   57.1        0.40     -1.873                        121.5
 -6262.431   57.1        0.40     -2.802                        121.5
 -6262.437   57.1        0.40     -4.015                        121.5
  6390.460   57.1        0.32     -2.012                        88.7
 -6390.472   57.1        0.32     -2.753                        88.7
 -6390.472   57.1        0.32     -2.183                        88.7
 -6390.482   57.1        0.32     -3.753                        88.7
 -6390.482   57.1        0.32     -2.570                        88.7
 -6390.483   57.1        0.32     -2.390                        88.7
 -6390.491   57.1        0.32     -3.335                        88.7
 -6390.491   57.1        0.32     -2.536                        88.7
 -6390.492   57.1        0.32     -2.661                        88.7
 -6390.498   57.1        0.32     -3.101                        88.7
 -6390.499   57.1        0.32     -2.595                        88.7
 -6390.499   57.1        0.32     -3.079                        88.7
 -6390.503   57.1        0.32     -2.955                        88.7
 -6390.504   57.1        0.32     -2.778                        88.7
 -6390.507   57.1        0.32     -2.858                        88.7
  6774.157   57.1        0.13     -3.869                        72.7
 -6774.168   57.1        0.13     -3.392                        72.7
 -6774.159   57.1        0.13     -3.392                        72.7
 -6774.187   57.1        0.13     -3.170                        72.7
 -6774.173   57.1        0.13     -3.170                        72.7
 -6774.190   57.1        0.13     -4.015                        72.7
 -6774.214   57.1        0.13     -3.071                        72.7
 -6774.196   57.1        0.13     -3.071                        72.7
 -6774.219   57.1        0.13     -3.385                        72.7
 -6774.250   57.1        0.13     -3.045                        72.7
 -6774.226   57.1        0.13     -3.045                        72.7
 -6774.256   57.1        0.13     -2.999                        72.7
 -6774.293   57.1        0.13     -3.098                        72.7
 -6774.265   57.1        0.13     -3.098                        72.7
 -6774.301   57.1        0.13     -2.713                        72.7
 -6774.343   57.1        0.13     -3.293                        72.7
 -6774.311   57.1        0.13     -3.293                        72.7
 -6774.353   57.1        0.13     -2.485                        72.7
